42 2 31 37 17 6 8 24 41 38 48 26 42 13 16 46
36 37 43 28 14 23 16 14 13 28 35 33 16 7 48 16
44 4 21 15 8 41 32 1 34 1 24 3 31 20 23 9
42 3 17 14 31 34 29 41 32 27 44 26 19 14 32 18
40 21 4 10 23 11 44 44 42 10 49 6 43 43 6 38
33 39 28 35 29 17 32 29 7 41 45 32 17 20 44 21
3 30 5 12 41 7 3 32 21 22 39 41 6 48 24 30
41 29 17 6 34 13 30 50 34 9 6 48 2 38 48 19
9 12 15 45 44 49 3 23 9 9 22 10 46 20 37 17
7 47 7 30 43 32 37 23 27 26 32 13 30 12 44 34
9 5 8 15 20 19 6 50 26 13 3 26 39 24 4 22
21 2 29 47 6 45 13 31 49 31 47 38 32 46 33 6
28 16 44 47 5 17 48 19 4 34 49 7 5 34 14 10
14 3 18 28 25 36 24 3 50 39 11 14 41 30 10 16
45 5 13 3 18 7 46 25 17 43 35 45 39 3 22 25
3 35 2 3 6 45 16 10 5 41 4 47 9 34 36 3