43 34 31 7 29 45 11 45 18 22 23 46 46 47 37 21
34 27 29 25 40 6 29 23 50 17 34 31 29 31 5 44
44 33 38 4 8 7 2 34 43 7 49 22 11 14 39 31
49 44 48 40 44 45 25 21 18 47 35 47 33 28 36 36
12 29 19 26 34 4 42 21 17 11 8 5 45 12 6 21
24 1 39 20 4 27 21 36 48 8 27 12 23 44 21 8
40 39 3 48 30 39 15 4 35 26 26 29 21 2 47 31
42 41 9 41 47 19 13 27 50 44 8 22 19 45 40 8
33 36 34 8 28 22 46 46 19 9 9 49 39 38 44 4
4 9 22 7 46 42 28 16 44 21 15 41 41 15 44 14
47 12 2 37 37 39 35 5 33 9 11 31 30 32 47 44
21 31 25 32 14 8 6 10 47 41 1 24 48 34 43 41
15 2 26 4 41 41 13 34 1 3 22 5 21 33 5 28
24 7 16 47 18 3 25 46 8 35 26 13 7 16 40 47
39 17 48 22 1 5 13 31 26 30 1 17 18 32 49 34
18 37 49 3 11 11 8 18 44 10 22 39 19 26 16 25